

Riposte bandwidth numbers

Width Height  Total ClientRead  ClientWrite Server0Read Server0Write
Server1Read Server1Write  AuditRead AuditWrite
8 8 64  120 5126  10060 8337  2846  975 1553  141
16  16  256 120 9494  17427 13931 5032  1383  2370  141
32  32  1024  120 17925 31677 24756 9243  2187  3969  141
64  64  4096  120 34751 60117 46386 17655 3783  7169  141
128 128 16384 120 68960 117918  90323 34756 7024  13654 141
256 256 65536 120 136897  232364  177073  68729 13299 26197 141
512 512 262144  120 273658  463212  352384  137105  26153 51899 141
1024  1024  1048576 120 545761  922746  701568  273159  51837 103282  141
2048  2048  4194304 120 1091125 1843028 1400289 545843  102954  205518  141
4096  4096  16777216  120 2178567 3678500 2794198 1089569 205115  409832
  141
  

Our bandwidth numbers
formulas
auditRead = 24 + 81*log_2(dbSize)
auditWrite = 3
serverRead = 2332 + msgSize
serverWrite = 24+log_2(dbSize)*32

set msgSize = 160 for comparison with Riposte
